4294967293,131
4294967293,130
4294967293,129
4294967293,128
4294967293,127
4294967293,126
4294967293,125
4294967293,124
4294967293,123
4294967293,122
4294967293,121
4294967293,120
4294967293,119
4294967293,118
4294967293,117
4294967293,116
4294967293,115
4294967293,114
4294967293,113
4294967293,112
4294967293,111
4294967293,110
4294967293,109
4294967293,108
4294967293,107
4294967293,106
4294967293,105
4294967293,104
4294967293,103
4294967293,102
4294967293,101
4294967293,100
4294967293,99
4294967293,98
4294967293,97
4294967293,96
4294967293,95
4294967293,94
4294967293,93
4294967293,92
4294967293,91
4294967293,90
4294967293,89
4294967293,87
4294967293,86
4294967293,85
4294967293,84
4294967293,83
4294967293,82
4294967293,81
4294967293,80
4294967293,79
4294967293,78
4294967293,77
4294967293,76
4294967293,75
4294967293,74
4294967293,73
4294967293,72
4294967293,71
4294967293,70
4294967293,69
4294967293,68
4294967293,67
4294967293,66
4294967293,65
4294967293,64
4294967293,63
4294967293,62
4294967293,61
4294967293,60
4294967293,59
4294967293,58
4294967293,57
4294967293,56
4294967293,55
4294967293,54
4294967293,53
4294967293,52
4294967293,51
4294967293,50
4294967293,49
4294967293,48
4294967293,47
4294967293,46
4294967293,45
4294967293,44
4294967293,43
4294967293,42
4294967293,41
4294967293,40
4294967293,39
4294967293,38
4294967293,37
4294967293,36
4294967293,35
4294967293,34
4294967293,33
4294967293,32
4294967293,31
4294967293,30
4294967293,29
4294967293,28
4294967293,27
4294967293,26
4294967293,25
4294967293,24
4294967293,23
4294967293,22
4294967293,21
4294967293,20
4294967293,19
4294967293,18
4294967293,17
4294967293,16
4294967293,15
4294967293,14
4294967293,13
4294967293,12
4294967293,11
4294967293,10
4294967293,9
4294967293,8
4294967293,7
4294967293,6
4294967293,5
4294967293,4
4294967293,3
4294967278,353
4294967278,97
4294967278,85
4294967278,84
4294967278,83
4294967278,82
4294967278,352
4294967278,80
4294967278,79
4294967278,77
4294967278,76
4294967278,75
4294967278,74
4294967278,73
4294967278,72
4294967278,71
4294967278,69
4294967278,66
4294967278,61
4294967278,60
4294967278,303
4294967278,51
4294967278,46
4294967278,45
4294967278,298
4294967278,44
4294967278,297
4294967278,43
4294967278,42
4294967278,41
4294967278,40
4294967278,291
4294967278,39
4294967278,328
4294967278,38
4294967278,36
4294967278,351
4294967278,35
4294967278,34
4294967278,288
4294967278,33
4294967278,32
4294967278,31
4294967278,30
4294967278,29
4294967278,540
4294967278,28
4294967278,27
4294967278,26
4294967278,25
4294967278,350
4294967278,24
4294967278,293
4294967278,23
4294967278,22
4294967278,21
4294967278,20
4294967278,569
4294967278,19
4294967278,18
4294967278,17
4294967278,268
4294967278,16
4294967278,15
4294967278,330
4294967278,14
4294967278,13
4294967278,12
4294967278,11
4294967278,10
4294967278,9
4294967278,536
4294967278,8
4294967278,174
4294967278,260
4294967279,122
4294967279,237
4294967279,113
4294967279,437
4294967279,233
4294967279,111
4294967279,108
4294967279,436
4294967279,338
4294967279,91
4294967279,435
4294967279,430
4294967279,434
4294967279,49
4294967279,46
4294967279,419
4294967279,45
4294967279,44
4294967279,43
4294967279,42
4294967279,40
4294967279,302
4294967279,39
4294967279,38
4294967279,36
4294967279,35
4294967279,174
4294967279,88
4294967279,426
4294967294,30
4294967294,1495
4294967294,115
4294967294,1421
4294967294,211
4294967294,92
4294967294,88
0,5
4294967294,201
4294967294,18
4294967294,127
4294967294,14
4294967294,126
4294967294,20
4294967294,13
4294967294,1494
4294967294,7
4294967294,6
4294967294,5
4294967294,36
4294967294,39
4294967294,424
4294967294,10
4294967294,212
4294967294,206
4294967294,205
4294967294,12
4294967294,209
4294967294,81
4294967294,11
4294967294,17
4294967294,42
4294967294,67
4294967294,76
4294967294,41
4294967294,43
4294967294,52
4294967294,214
4294967294,213
4294967294,82
4294967294,83
4294967294,1565
4294967294,2249
4294967294,1585
4294967294,1502
4294967294,1557
4294967294,99
4294967294,107
4294967294,220
4294967294,2
4294967294,24
4294967294,754
4294967278,325
4294967279,429
4294967279,428
4294967279,433
4294967279,377
4294967279,427
4294967279,432
4294967279,438
4294967279,340
4294967294,1547
4294967294,1564
4294967294,2246
1,0
4294967294,159
4294967294,936
4294967294,935
4294967294,934
4294967294,933
4294967294,931
4294967294,929
4294967294,927
4294967294,926
4294967294,924
4294967294,923
4294967294,922
4294967294,919
4294967294,918
4294967294,917
4294967294,916
4294967294,914
4294967294,913
4294967294,912
4294967294,910
4294967294,909
4294967294,906
4294967294,903
4294967294,899
4294967294,897
4294967294,896
4294967294,1432
4294967294,892
4294967294,890
4294967294,723
4294967294,889
4294967294,887
4294967294,1
4294967294,884
4294967294,519
4294967294,882
4294967294,1412
4294967294,880
4294967294,878
4294967294,877
4294967294,876
4294967294,874
4294967294,870
4294967294,869
4294967294,868
4294967294,867
4294967294,865
4294967294,864
4294967294,863
4294967294,855
4294967294,852
4294967294,851
4294967294,850
4294967294,2250
4294967294,848
4294967294,847
4294967294,1410
4294967294,845
4294967294,1414
4294967294,1413
4294967294,844
4294967294,1411
4294967294,843
4294967294,841
4294967294,840
4294967294,839
4294967294,838
4294967294,837
4294967294,835
4294967294,834
4294967294,832
4294967294,831
4294967294,830
4294967294,829
4294967294,1186
4294967294,825
4294967294,1825
4294967294,821
4294967294,820
4294967294,819
4294967294,818
4294967294,817
4294967294,813
4294967294,812
4294967294,810
4294967294,809
4294967294,808
4294967294,804
4294967294,803
4294967294,801
4294967294,800
4294967294,799
4294967294,795
4294967294,794
4294967294,2247
4294967294,790
4294967294,788
4294967294,787
4294967294,786
4294967294,783
4294967294,782
4294967294,780
4294967294,777
4294967294,776
4294967294,775
4294967294,773
4294967294,771
4294967294,701
4294967294,699
4294967294,698
4294967294,697
4294967294,696
4294967294,695
4294967294,692
4294967294,691
4294967294,690
4294967294,689
4294967294,688
4294967294,685
4294967294,683
4294967294,681
4294967294,679
4294967294,708
4294967294,672
4294967294,671
4294967294,669
4294967294,668
4294967294,666
4294967294,662
4294967294,661
4294967294,1561
4294967294,658
4294967294,657
4294967294,656
4294967294,654
4294967294,1821
4294967294,652
4294967294,648
4294967294,647
4294967294,646
4294967294,643
4294967294,642
4294967294,1820
4294967294,706
4294967294,641
4294967294,1566
4294967294,638
4294967294,636
4294967294,633
4294967294,1113
4294967294,632
4294967294,514
4294967294,1819
4294967294,629
4294967294,627
4294967294,622
4294967294,621
4294967294,1818
4294967294,620
4294967294,619
4294967294,618
4294967294,617
4294967294,1151
4294967294,613
4294967294,1429
4294967294,610
4294967294,607
4294967294,606
4294967294,84
4294967294,571
4294967294,1817
4294967294,602
4294967294,600
4294967294,599
4294967294,0
4294967294,2242
4294967294,595
4294967294,591
4294967294,589
4294967294,588
4294967294,587
4294967294,585
4294967294,584
4294967294,582
4294967294,580
4294967294,579
4294967294,578
4294967294,577
4294967294,1568
4294967294,1816
4294967294,565
4294967294,428
4294967294,564
4294967294,560
4294967294,559
4294967294,555
4294967294,554
4294967294,550
4294967294,548
4294967294,545
4294967294,567
4294967294,541
4294967294,711
4294967294,704
4294967294,538
4294967294,537
4294967294,535
4294967294,534
4294967294,709
4294967294,573
4294967294,533
4294967294,814
4294967294,811
4294967294,520
4294967278,346
4294967279,420
4294967278,295
4294967279,423
4294967278,516
4294967278,347
4294967279,421
4294967279,227
4294967278,562
4294967278,541
4294967279,418
4294967278,286
4294967294,1871
4294967294,1567
4294967294,1813
4294967294,2240
4294967294,1812
4294967294,513
4294967294,1538
4294967294,1809
4294967294,1808
4294967294,1872
4294967294,1439
4294967294,1864
4294967294,1802
4294967294,1801
4294967294,1857
4294967294,1800
4294967294,1798
4294967294,443
4294967294,1573
4294967294,1796
4294967294,1795
4294967294,1595
4294967294,1584
4294967294,1794
4294967294,1185
4294967294,1793
4294967294,1792
4294967294,1542
4294967294,1459
4294967294,1569
4294967294,219
4294967294,146
4294967294,437
4294967294,1862
4294967294,1860
4294967294,425
4294967294,1599
4294967294,1597
4294967294,1588
4294967294,150
4294967294,1918
4294967294,1875
4294967294,1869
4294967294,430
4294967294,1865
4294967294,1598
4294967294,521
4294967294,532
4294967294,531
4294967294,1580
4294967294,528
4294967294,1591
4294967294,1593
4294967294,1576
4294967294,1574
4294967294,8
4294967294,9
4294967294,1722
4294967294,1721
4294967294,1720
4294967294,1719
4294967294,1718
4294967294,1716
4294967294,1715
4294967294,1714
4294967294,1713
4294967294,1712
4294967294,1711
4294967294,1710
4294967294,1709
4294967294,1708
4294967294,1707
4294967294,1717
4294967294,1706
4294967278,343
4294967279,417
4294967278,342
4294967279,416
4294967278,341
4294967278,234
4294967279,221
4294967279,380
4294967278,340
4294967278,339
4294967278,338
4294967278,514
4294967278,256
4294967279,374
4294967279,358
4294967279,351
4294967279,304
4294967278,317
4294967278,345
4294967278,314
4294967279,415
4294967294,1476
4294967294,1477
4294967294,1463
4294967294,1473
4294967294,1445
4294967294,1444
4294967294,1469
4294967294,1594
4294967294,1453
4294967294,1449
4294967294,1455
4294967294,1454
4294967294,1458
4294967294,1448
4294967294,1460
4294967294,1462
4294967294,1461
4294967294,1471
4294967294,1441
4294967294,1435
4294967294,1443
4294967294,124
4294967294,1880
4294967294,1436
4294967294,401
4294967294,1427
4294967294,188
4294967294,185
4294967294,1150
4294967294,177
4294967294,182
4294967294,203
4294967294,202
4294967294,204
4294967294,200
4294967294,174
4294967294,176
4294967294,393
4294967294,172
4294967294,171
4294967294,389
4294967294,1705
4294967294,1704
4294967294,1703
4294967294,1702
4294967294,1701
4294967294,1699
4294967294,1698
4294967294,1697
4294967294,1696
4294967294,1695
4294967294,1694
4294967294,1693
4294967294,1692
4294967294,1691
4294967294,1690
4294967294,1700
4294967294,1689
4294967294,1688
4294967294,1687
4294967294,1686
4294967294,1685
4294967294,1684
4294967294,1682
4294967294,1681
4294967294,1680
4294967294,1679
4294967294,1678
4294967294,1677
4294967294,1676
4294967294,1675
4294967294,1674
4294967294,1673
4294967294,1683
4294967294,173
4294967294,1672
4294967294,1671
4294967294,1670
4294967294,1669
4294967294,1668
4294967294,1667
4294967294,1665
4294967294,1664
4294967294,1663
4294967294,1662
4294967294,1661
4294967294,1660
4294967294,170
4294967294,1659
4294967294,1658
4294967294,1657
4294967294,1656
4294967294,1666
4294967294,1655
4294967294,1654
4294967294,1653
4294967294,1652
4294967294,1651
4294967294,1650
4294967294,1648
4294967294,1647
4294967294,1646
4294967294,1645
4294967294,1644
4294967294,1643
4294967294,1642
4294967294,1641
4294967294,1640
4294967294,1639
4294967294,1649
4294967294,1638
4294967294,1637
4294967294,1636
4294967294,1635
4294967294,1634
4294967294,1633
4294967294,1631
4294967294,1630
4294967294,1629
4294967294,1628
4294967294,1627
4294967294,1626
4294967294,1625
4294967294,1624
4294967294,1623
4294967294,1622
